Silence duration: 553 us
Silence duration: 729 us
Silence duration: 980 us
Silence duration: 979 us
Silence duration: 1134 us
Silence duration: 128 us
Silence duration: 513 us
Silence duration: 580 us
Silence duration: 8925 us
Silence duration: 20162 us

Decoded bits: (2400 @ 12)
000010011111 011111111111 011111111111 011111111111 011111111111 010110001011 000000111111 000010001111
000100111111 000100011111 000000100011 000000000011 000000000111 000011110111 001011001111 001101011111
010000110111 000011000111 000000000011 000001000011 001000000011 000000000111 001000000011 010000011111
001100000011 000000000011 010100100111 011110000011 000010011011 010010110111 000110100011 000000100111
010100110111 001101110111 000100110011 001001110111 010011110011 001000111011 011110111111 000100110011
010011110011 010000100011 000000000111 011010011111 000000010011 010011000111 000101110011 000100111111
011001011111 011011001111 011101000111 000000000111 000000000111 000000000011 000000000011 000000000111
000000000111 000000000111 000000000011 000000000011 000000000111 000000000011 000000000111 000000000011
000000000011 000000000111 000000000111 000000000011 000000000011 000000000111 000000000111 001000000011
000000000111 000000000011 000000000111 000000000111 000000000111 000000000111 000000000011 000000000011
000000000011 000000000111 000000000011 000000000011 000000000011 000000000111 000000000111 000000000011
000000000111 000000000111 000000000111 000000000111 000000000111 000000000011 000000000011 000000000111
000000000011 000000000111 000000000011 000000000111 000000000111 000000000111 000000000011 000000000111
000000000111 000000000111 000000000111 000000000011 000000000011 000000000011 000000000111 000000000111
000000000111 000000000011 000000000011 000000000011 000000000111 000000000111 000000000011 000000000111
000000000111 011110101111 000101100111 001010100111 010100111111 010101110011 001100111111 001110110111
010110000111 011101110111 000101111111 000001000011 010110000111 011001110111 011100011111 011010110011
000001010111 010010000111 011100011111 011010010011 010100011111 010011011111 010111100111 001100000011
011001100011 011111010011 000010011111 000100001111 000000001111 001000110111 010000101111 001101001111
011111001111 010001000111 010111000111 011110100011 010110100011 010101110111 010101101111 011111010011
011110000011 010000011111 010010010111 011100011111 001000000111 001110101111 011010000011 011010100111
000010000111 000000100111 001001000011 001000110111 001001011111 010000100111 010111111111 000101010111
011010110011 010001001111 010110000111 000001101111 011010111111 000010001111 000011110011 001100110111
000011001111 000110110011 010001000011 011111101111 000001011111 001010101111 000010110011 011111001111
011110010111 010110010111 011100111111 011110111111 000001111111 001100111111 011000010111 010011101111

--- Stream 1: 200 bytes ---
Address  Hex Values                                                       | ASCII            | Masked ASCII
----------------------------------------------------------------------------------------------------------------
0000:  1C8 1FF 1FF 1FF 1FF 08D 1E0 188 1E4 1C4 020 000 100 178 19A 1D6  | .......... ..x.. | H.....`.dD ..x.V
0010:  161 118 000 010 002 100 002 1C1 006 000 125 00F 0C8 169 02C 120  | a.........%..i,  | a......A..%.Hi, 
0020:  165 176 064 172 079 0E2 1EF 064 079 021 100 1CB 040 119 074 1E4  | evdry..dy!..@.t. | evdrybody!.K@.td
0030:  1D3 19B 117 100 100 000 000 100 100 100 000 000 100 000 100 000  | ................ | S...............
0040:  000 100 100 000 000 100 100 002 100 000 100 100 100 100 000 000  | ................ | ................
0050:  000 100 000 000 000 100 100 000 100 100 100 100 100 000 000 100  | ................ | ................
0060:  000 100 000 100 100 100 000 100 100 100 100 000 000 000 100 100  | ................ | ................
0070:  100 000 000 000 100 100 000 100 100 1AF 134 12A 1E5 075 1E6 16E  | ..........4*.u.n | ........./4*eufn
0080:  10D 177 1F4 010 10D 173 1C7 06B 150 109 1C7 04B 1C5 1D9 13D 006  | .w...s.kP..K..=. | .wt..sGkP.GKEY=.
0090:  033 05F 1C8 184 180 162 1A1 196 19F 111 11D 02F 02D 175 1B5 05F  | 3_...b...../-u._ | 3_H..b!..../-u5_
00A0:  00F 1C1 149 1C7 102 1AE 00B 12B 108 120 012 162 1D2 121 1FD 154  | ..I....+. .b.!.T | .AIG...+. .bR!}T
00B0:  06B 191 10D 1B0 1EB 188 078 166 198 06C 011 1BF 1D0 1AA 068 19F  | k.....xf.l....h. | k..0k.xf.l.?P*h.
00C0:  14F 14D 1E7 1EF 1F0 1E6 143 1B9                                  | OM....C.         | OMgopfC9


200 Bytes
